# RMS level per 5 s window (dBFS) of the G3 second-half recording, from ffmpeg astats (asetnsamples=240000 at 48 kHz, reset per window); window start seconds, left (mic), right (tap)
   0.0   -43.0   -35.0
   5.0   -37.5   -23.0
  10.0   -42.9   -35.9
  15.0   -37.5   -35.7
  20.0   -42.9   -35.9
  25.0   -36.3   -33.9
  30.0   -43.0   -28.0
  35.0   -36.5   -21.1
  40.0   -43.0   -22.6
  45.0   -36.4   -21.6
  50.0   -43.0   -21.0
  55.0   -36.5   -20.2
  60.0   -43.0   -21.2
  65.0   -36.4   -19.3
  70.0   -43.0   -19.8
  75.0   -36.4   -20.8
  80.0   -43.0   -19.0
  85.0   -36.4   -16.5
  90.0   -43.0   -17.7
  95.0   -36.4   -19.1
 100.0   -43.0   -17.4
 105.0   -36.4   -18.2
 110.0   -43.0   -18.2
 115.0   -36.4   -18.4
 120.0   -52.5   -30.7
